"şehir","en fazla"
109,109
